604 576 575 511 529 573 470 499 560 411 487 487 470 574 425 575 446 490 587 544 548 588 462 681 457 533 517 571 511 528 
521 551 496 584 488 474 416 470 549 408 485 561 392 553 449 524 474 367 537 565 554 446 404 525 468 432 439 547 556 531 
537 600 591 587 652 416 523 463 641 433 493 732 482 528 488 521 486 390 548 527 553 444 466 563 520 445 473 597 582 584 
532 534 498 647 523 451 473 429 558 389 564 610 385 524 466 472 459 444 594 584 579 432 496 548 571 465 506 564 624 603 
541 670 582 675 593 454 411 509 595 457 595 634 426 577 508 538 496 498 548 504 504 469 470 629 602 420 514 566 622 556 
666 802 720 763 774 510 601 606 777 598 615 795 629 669 635 659 627 579 663 689 651 584 553 729 744 579 702 675 765 682 
767 774 778 739 726 677 600 642 685 585 761 765 605 762 651 687 604 590 686 730 738 682 654 862 695 658 675 684 643 732 
659 723 669 657 641 635 502 575 604 443 571 636 498 660 565 632 501 560 617 598 649 668 514 750 547 567 536 631 557 602 
475 566 578 569 567 446 410 412 509 441 487 462 488 465 437 508 420 467 537 546 428 472 438 582 536 405 602 535 521 515 
612 584 522 589 542 517 444 533 564 387 530 675 421 565 541 541 528 403 581 508 592 449 428 587 448 458 404 618 611 547 
615 731 610 699 699 599 476 551 622 486 635 675 410 585 565 603 494 516 584 608 567 552 509 751 568 521 553 641 645 610 
617 722 640 750 646 585 635 435 641 499 664 687 503 623 598 537 591 582 677 669 661 512 627 681 786 524 590 677 623 644 
654 681 661 701 646 442 571 529 635 585 575 709 547 660 509 493 576 534 590 588 568 520 558 633 670 550 665 536 573 632 
653 707 766 714 638 627 563 639 756 518 668 765 578 795 629 596 630 548 682 720 603 591 672 726 666 562 547 613 596 739 
561 684 574 744 489 446 411 540 626 430 484 551 452 615 529 502 527 554 606 571 496 471 524 557 559 493 566 611 604 526 
563 603 540 715 533 493 466 447 678 397 529 663 499 536 557 504 492 464 655 622 566 433 517 552 534 490 439 679 631 621 
579 626 560 642 642 435 463 567 481 456 510 545 420 485 406 590 473 445 506 527 456 534 503 612 569 498 584 519 514 584 
866 866 823 935 679 584 628 782 872 620 742 791 595 886 699 714 696 666 810 699 747 702 666 750 769 674 727 765 777 779 
585 625 616 734 637 553 533 559 670 494 575 615 503 590 543 603 561 489 698 680 498 531 614 698 701 490 511 665 532 703 
544 549 566 540 503 497 539 417 550 408 549 597 394 611 471 497 531 464 512 590 627 480 542 623 533 485 525 551 510 566 
566 638 646 689 527 515 435 539 639 460 599 614 450 674 560 558 586 437 610 633 626 503 500 693 595 487 496 627 496 654 
562 540 515 532 538 409 398 432 425 390 437 524 466 461 332 470 391 395 547 469 435 463 407 545 396 454 420 533 446 462 
793 820 776 883 795 683 696 738 862 626 746 943 635 807 790 742 727 582 814 838 813 621 709 775 777 660 716 806 851 833 
599 614 700 659 556 532 471 468 724 458 569 685 534 622 605 582 429 473 672 583 666 503 530 555 526 528 531 660 661 568 
651 633 670 742 641 500 552 573 684 498 637 669 552 655 582 632 579 438 709 680 634 566 543 630 642 469 561 664 647 650 
660 717 651 696 673 513 547 610 611 475 567 604 548 672 513 678 590 586 700 702 590 609 554 736 625 554 641 640 642 650 
671 720 666 779 665 550 594 607 659 501 565 665 552 661 560 560 638 542 784 746 626 536 621 678 620 530 678 690 699 591 
741 698 670 765 626 686 598 580 745 474 657 682 553 659 607 658 544 554 689 672 651 643 629 705 606 621 614 644 661 726 
825 790 835 726 809 628 615 718 747 623 670 749 647 763 572 768 608 582 727 672 722 752 523 845 634 712 686 701 701 724 
642 636 682 691 611 560 513 583 573 449 607 591 531 650 578 579 574 452 686 655 545 471 516 581 590 514 582 613 624 553 
